brushes 9
brush 4 4
elements -1 0 0 1 0 0 2 0 0 -1 0 0 8 0 0 9 0 0 10 0 0 11 0 0 16 0 0 17 0 0 18 0 0 19 0 0 -1 0 0 25 0 0 26 0 0 -1 0 0
brush 4 4
elements -1 0 0 5 0 0 6 0 0 -1 0 0 12 0 0 13 0 0 14 0 0 15 0 0 20 0 0 21 0 0 22 0 0 23 0 0 -1 0 0 29 0 0 30 0 0 -1 0 0
brush 4 4
elements -1 0 0 33 0 0 34 0 0 -1 0 0 40 0 0 41 0 0 42 0 0 43 0 0 48 0 0 49 0 0 50 0 0 51 0 0 -1 0 0 57 0 0 58 0 0 -1 0 0
brush 4 4
elements -1 0 0 37 0 0 38 0 0 -1 0 0 44 0 0 45 0 0 46 0 0 47 0 0 52 0 0 53 0 0 54 0 0 55 0 0 -1 0 0 61 0 0 62 0 0 -1 0 0
brush 3 3
elements 102 0 0 103 0 0 104 0 0 105 0 0 106 0 0 107 0 0 108 0 0 109 0 0 110 0 0
brush 3 3
elements 120 0 0 121 0 0 122 0 0 123 0 0 124 0 0 125 0 0 126 0 0 127 0 0 128 0 0
brush 3 3
elements 129 0 0 130 0 0 131 0 0 132 0 0 133 0 0 134 0 0 135 0 0 136 0 0 137 0 0
brush 3 3
elements 135 2 0 136 2 0 137 2 0 132 2 0 133 2 0 134 2 0 129 2 0 130 2 0 131 2 0
brush 3 3
elements 128 3 0 127 3 0 126 3 0 125 3 0 124 3 0 123 3 0 122 3 0 121 3 0 120 3 0
