brushes 15
brush 8 8
elements -1 0 0 -1 0 0 -1 0 0 59 0 0 60 0 0 -1 0 0 -1 0 0 -1 0 0 64 0 0 65 0 0 66 0 0 67 0 0 68 0 0 69 0 0 70 0 0 -1 0 0 72 0 0 73 0 0 74 0 0 75 0 0 76 0 0 77 0 0 78 0 0 -1 0 0 80 0 0 81 0 0 82 0 0 83 0 0 84 0 0 85 0 0 86 0 0 87 0 0 88 0 0 89 0 0 90 0 0 91 0 0 92 0 0 93 0 0 94 0 0 95 0 0 96 0 0 97 0 0 98 0 0 99 0 0 100 0 0 101 0 0 102 0 0 103 0 0 -1 0 0 105 0 0 106 0 0 107 0 0 108 0 0 109 0 0 110 0 0 -1 0 0 -1 0 0 -1 0 0 114 0 0 115 0 0 116 0 0 117 0 0 -1 0 0 -1 0 0
brush 3 3
elements 144 0 0 145 0 0 -1 0 0 152 0 0 153 0 0 154 0 0 -1 0 0 161 0 0 162 0 0
brush 3 3
elements 147 0 0 -1 0 0 -1 0 0 155 0 0 156 0 0 157 0 0 -1 0 0 164 0 0 165 0 0
brush 3 3
elements -1 1 0 145 1 0 144 1 0 154 1 0 153 1 0 152 1 0 162 1 0 161 1 0 -1 0 0
brush 3 3
elements -1 0 0 -1 1 0 147 1 0 157 1 0 156 1 0 155 1 0 165 1 0 164 1 0 -1 1 0
brush 3 3
elements -1 2 0 161 2 0 162 2 0 152 2 0 153 2 0 154 2 0 144 2 0 145 2 0 -1 2 0
brush 3 3
elements 162 3 0 161 3 0 -1 3 0 154 3 0 153 3 0 152 3 0 -1 3 0 145 3 0 144 3 0
brush 3 3
elements -1 1 0 -1 1 0 147 1 0 157 1 0 156 1 0 155 1 0 165 1 0 164 1 0 -1 1 0
brush 3 3
elements 165 3 0 164 3 0 -1 3 0 157 3 0 156 3 0 155 3 0 -1 1 0 -1 2 0 147 3 0
brush 3 3
elements 168 0 0 169 0 0 -1 0 0 -1 0 0 177 0 0 178 0 0 -1 0 0 185 0 0 186 0 0
brush 3 3
elements -1 1 0 169 1 0 168 1 0 178 1 0 177 1 0 -1 0 0 186 1 0 185 1 0 -1 0 0
brush 3 3
elements 171 0 0 172 0 0 -1 0 0 179 0 0 180 0 0 -1 0 0 -1 0 0 188 0 0 189 0 0
brush 3 3
elements 165 3 0 164 3 0 -1 3 0 157 3 0 156 3 0 155 3 0 -1 2 0 -1 2 0 147 3 0
brush 3 3
elements -1 0 0 172 1 0 171 1 0 -1 0 0 180 1 0 179 1 0 189 1 0 188 1 0 -1 0 0
brush 3 3
elements 171 0 0 172 0 0 -1 0 0 179 0 0 180 0 0 -1 0 0 -1 0 0 188 0 0 189 0 0
